ok
B|banked confirm_lag_s 180|sig bars 1863
C|lag s|conf|lb|gap|fwd|sig bars|of the 1863 SURVIVING|survive %|new bars|lag at0|lag med|lag p90|lag max|rule#1 open|trades|net>0|stopped|net sum|per trade
C|0|889|472|429|183|1889|1255|67.4%|634|331 (16.8%)|280|1488|19475|1090|952|497 (52.2%)|423|+315.489|+0.3314
C|5|1392|270|208|103|1844|1152|61.8%|692|504 (25.5%)|240|1440|19475|1062|936|485 (51.8%)|419|+303.724|+0.3245
C|10|1337|289|238|109|1851|1192|64.0%|659|494 (25.0%)|245|1408|19475|1062|936|482 (51.5%)|423|+295.469|+0.3157
C|15|1306|305|251|111|1859|1228|65.9%|631|499 (25.3%)|240|1403|19475|1066|933|482 (51.7%)|419|+297.428|+0.3188
C|20|1288|313|260|112|1857|1243|66.7%|614|498 (25.2%)|240|1405|19475|1070|933|482 (51.7%)|419|+296.017|+0.3173
C|25|1273|317|268|115|1857|1254|67.3%|603|503 (25.5%)|240|1405|19475|1072|935|483 (51.7%)|419|+292.006|+0.3123
C|30|1262|320|274|117|1857|1266|68.0%|591|507 (25.7%)|240|1405|19475|1066|931|477 (51.2%)|421|+285.673|+0.3068
C|35|1250|327|276|120|1856|1280|68.7%|576|516 (26.2%)|235|1403|19475|1068|931|477 (51.2%)|420|+289.693|+0.3112
C|40|1235|334|281|123|1859|1299|69.7%|560|519 (26.3%)|235|1400|19475|1070|932|479 (51.4%)|419|+296.468|+0.3181
C|45|1225|339|282|127|1857|1313|70.5%|544|522 (26.5%)|235|1400|19475|1068|929|480 (51.7%)|416|+301.325|+0.3244
C|50|1213|345|288|127|1855|1338|71.8%|517|524 (26.6%)|235|1373|19475|1068|931|483 (51.9%)|416|+301.091|+0.3234
C|55|1201|350|291|131|1853|1356|72.8%|497|532 (27.0%)|230|1378|19475|1063|925|481 (52.0%)|412|+297.021|+0.3211
C|60|1193|356|293|131|1854|1375|73.8%|479|537 (27.2%)|225|1373|19475|1065|927|484 (52.2%)|411|+299.661|+0.3233
C|65|1183|361|297|132|1854|1401|75.2%|453|548 (27.8%)|220|1360|19475|1059|922|485 (52.6%)|405|+308.360|+0.3344
C|70|1174|368|298|133|1855|1426|76.5%|429|549 (27.8%)|220|1350|19475|1062|925|486 (52.5%)|407|+314.423|+0.3399
C|75|1164|373|300|136|1853|1447|77.7%|406|558 (28.3%)|215|1330|19475|1059|923|484 (52.4%)|407|+315.681|+0.3420
C|80|1161|374|301|137|1853|1453|78.0%|400|562 (28.5%)|215|1330|19475|1058|923|485 (52.5%)|406|+320.538|+0.3473
C|85|1152|378|306|137|1857|1474|79.1%|383|569 (28.8%)|210|1327|19475|1056|921|485 (52.7%)|405|+323.083|+0.3508
C|90|1145|383|307|138|1857|1492|80.1%|365|567 (28.7%)|210|1290|19475|1054|918|482 (52.5%)|404|+320.047|+0.3486
C|95|1140|387|308|138|1858|1511|81.1%|347|573 (29.0%)|210|1284|19475|1052|916|481 (52.5%)|403|+336.006|+0.3668
C|100|1134|389|309|141|1857|1530|82.1%|327|578 (29.3%)|210|1265|19475|1054|916|482 (52.6%)|401|+337.520|+0.3685
C|105|1129|392|311|141|1857|1551|83.3%|306|583 (29.5%)|210|1265|19475|1053|913|482 (52.8%)|398|+343.551|+0.3763
C|110|1127|394|311|141|1858|1568|84.2%|290|584 (29.6%)|205|1265|19475|1054|915|484 (52.9%)|398|+348.804|+0.3812
C|115|1119|399|313|142|1859|1585|85.1%|274|587 (29.8%)|205|1258|19475|1051|910|481 (52.9%)|396|+347.424|+0.3818
C|120|1107|406|315|145|1861|1604|86.1%|257|586 (29.7%)|205|1253|19475|1055|912|484 (53.1%)|394|+358.623|+0.3932
C|125|1103|408|317|145|1864|1627|87.3%|237|593 (30.1%)|200|1246|19475|1057|912|483 (53.0%)|394|+361.065|+0.3959
C|130|1096|409|321|147|1865|1644|88.2%|221|597 (30.3%)|200|1246|19475|1057|907|482 (53.1%)|390|+361.397|+0.3985
C|135|1091|412|322|148|1867|1669|89.6%|198|603 (30.6%)|195|1233|19475|1055|907|482 (53.1%)|390|+362.075|+0.3992
C|140|1085|415|323|150|1869|1683|90.3%|186|604 (30.6%)|195|1230|19475|1055|906|482 (53.2%)|389|+361.441|+0.3989
C|145|1079|418|324|152|1870|1693|90.9%|177|604 (30.6%)|195|1218|19475|1054|906|481 (53.1%)|390|+358.718|+0.3959
C|150|1071|421|327|154|1867|1724|92.5%|143|610 (30.9%)|190|1215|19475|1047|899|477 (53.1%)|388|+359.235|+0.3996
C|155|1063|423|332|155|1863|1746|93.7%|117|615 (31.2%)|190|1215|19475|1046|898|477 (53.1%)|387|+357.659|+0.3983
C|160|1060|425|333|155|1862|1775|95.3%|87|622 (31.5%)|180|1213|19475|1043|897|477 (53.2%)|387|+359.715|+0.4010
C|165|1055|428|335|155|1862|1797|96.5%|65|622 (31.5%)|180|1206|19475|1046|896|478 (53.3%)|384|+366.494|+0.4090
C|170|1048|432|338|155|1863|1828|98.1%|35|624 (31.6%)|180|1192|19475|1048|896|478 (53.3%)|385|+361.916|+0.4039
C|175|1042|434|341|156|1863|1843|98.9%|20|624 (31.6%)|180|1192|19475|1050|898|477 (53.1%)|386|+345.413|+0.3846
C|180|1036|438|343|156|1863|1863|100.0%|0|626 (31.7%)|180|1192|19475|1045|894|479 (53.6%)|381|+349.638|+0.3911

[exited with code 0]
